0.309017 0.951057
-0.809017 0.587785
-0.809017 -0.587785
0.309017 -0.951057
1 -2.44929e-16
0.309017 0.951057

2.30902 2.95106
1.19098 2.58779
1.19098 1.41221
2.30902 2.95106

4.30902 4.95106
3.19098 4.58779
4.30902 3.04894
4.30902 4.95106

6.30902 6.95106
5.19098 5.41221
6.30902 5.04894
6.30902 6.95106

7.19098 8.58779
7.19098 7.41221
8.30902 7.04894
7.19098 8.58779

10.309 10.9511
9.19098 10.5878
11 10
10.309 10.9511

12.309 12.9511
11.191 11.4122
13 12
12.309 12.9511

13.191 14.5878
13.191 13.4122
15 14
13.191 14.5878

16.309 16.9511
16.309 15.0489
17 16
16.309 16.9511

17.191 18.5878
18.309 17.0489
19 18
17.191 18.5878

19.191 19.4122
20.309 19.0489
21 20
19.191 19.4122

